# Parameters for ROSflight software-in-the-loop simulation

# Common Global Physical Parameters

mass: 2.0
linear_mu: 0.05
angular_mu: 0.0005
ground_effect: [-55.3516, 181.8265, -203.9874, 85.3735, -7.6619]

# Dynamics
num_rotors: 4
rotor_positions: [ 0.1926,  0.230, -0.0762,
                  -0.1907,  0.205, -0.0762,
                  -0.1907, -0.205, -0.0762,
                   0.1926, -0.230, -0.0762]

rotor_vector_normal: [-0.02674078,  0.0223925,  -0.99939157,
                       0.02553726,  0.02375588, -0.99939157,
                       0.02553726, -0.02375588, -0.99939157,
                      -0.02674078, -0.0223925,  -0.99939157]

rotor_rotation_directions: [-1, 1, -1, 1]
rotor_max_thrust: 14.961
rotor_F: [1.5e-5, -0.024451, 9.00225]
rotor_T: [2.22e-7,-3.51e-4,  0.12531]
rotor_tau_up: 0.2164
rotor_tau_down: 0.1644

ground_altitude: 1387  #Default in Provo, UT (4551 ft)

# Sensor Noise Parameters (These are empirically-determined)
# gyro_stdev: 0.25
# gyro_bias_range:  0.25
# gyro_bias_walk_stdev: 0.00001
gyro_stdev: 0.0
gyro_bias_range: 0.0
gyro_bias_walk_stdev: 0.00000

# acc_stdev: 0.561
# acc_bias_range: 0.6
# acc_bias_walk_stdev: 0.00001

acc_stdev: 0.0
acc_bias_range: 0.0
acc_bias_walk_stdev: 0.00000

baro_stdev: 4.0
baro_bias_range: 500
baro_bias_walk_stdev: 0.1

sonar_stdev: 0.03
sonar_min_range: 0.25
sonar_max_range: 8.0

# TODO: update these with empirically-derived values
airspeed_stdev: 1.15
airspeed_bias_range: 0.15
airspeed_bias_walk_stdev: 0.001

mag_stdev: 1.15
mag_bias_range: 0.15
mag_bias_walk_stdev: 0.001

inclination: 1.14316156541
declination: 0.198584539676
