# Common Global Physical Parameters
mass: 2.856
linear_mu: 0.2
angular_mu: 0.3
ground_effect: [-55.3516, 181.8265, -203.9874, 85.3735, -7.6619]


# Simplified Dynamics
max_l: 6.5080
max_m: 5.087
max_n: 0.25
max_F: 59.844
tau_up_l: 0.1904
tau_up_m: 0.1904
tau_up_n: 0.1644
tau_up_F: 0.1644
tau_down_l: 0.1904
tau_down_m: 0.1904
tau_down_n: 0.2164
tau_down_F: 0.2164
roll_P: 25.0
roll_I: 0.0
roll_D: 8.0
pitch_P: 25.0
pitch_I: 0.0
pitch_D: 8.0
yaw_P: 25.0
yaw_I: 0.0
yaw_D: 0.0
alt_P: 16.0
alt_I: 5.0
alt_D: 32.0

# Full Dynamics
num_rotors: 4
rotor_positions: [-0.1907,  0.205, -0.0762,
                   0.1926,  0.230, -0.0762,
                  -0.1907, -0.205, -0.0762,
                   0.1926, -0.230, -0.0762]

rotor_vector_normal: [ 0.02553726,  0.02375588, -0.99939157,
                      -0.02674078,  0.0223925,  -0.99939157,
                       0.02553726, -0.02375588, -0.99939157,
                      -0.02674078, -0.0223925,  -0.99939157]

rotor_rotation_directions: [1, -1, -1, 1]
rotor_max_thrust: 14.961
rotor_F: [1.5e-5, -0.024451, 9.00225]
rotor_T: [2.22e-7,-3.51e-4,  0.12531]
rotor_tau_up: 0.2164
rotor_tau_down: 0.1644
